            x                       Phi(x)                  E(x)         
  -1.0000000000000000        1.0000000000000000       -1.0000000000000007     
 -0.77777777777777779       0.77777777777777768       -1.0000000000000002     
 -0.55555555555555558       0.55555555555555547      -0.99999999999999956     
 -0.33333333333333337       0.33333333333333343      -0.99999999999999967     
 -0.11111111111111116       0.11111111111111116       -1.0000000000000000     
  0.11111111111111105      -0.11111111111111099       -1.0000000000000000     
  0.33333333333333326      -0.33333333333333326       -1.0000000000000000     
  0.55555555555555547      -0.55555555555555547       -1.0000000000000000     
  0.77777777777777768      -0.77777777777777768       -1.0000000000000002     
   1.0000000000000000       -1.0000000000000000       -1.0000000000000004     
