            x                       Phi(x)                  E(x)         
  -1.0000000000000000        1.0000000000000000       -2.9778393351800494     
 -0.89473684210526316       0.71628517276570958       -2.4127423822714684     
 -0.78947368421052633       0.49205423531126985       -1.8808864265927991     
 -0.68421052631578949       0.32030908295669924       -1.4155124653739615     
 -0.57894736842105265       0.19405161102201479       -1.0166204986149587     
 -0.47368421052631582       0.10628371482723425      -0.68421052631578927     
 -0.36842105263157898        5.0007289692374945E-002 -0.41828254847645407     
 -0.26315789473684215        1.8224230937454455E-002 -0.21883656509695276     
 -0.15789473684210531        3.9364338824901535E-003  -8.5872576177285678E-002
  -5.2631578947368474E-002   1.4579384749957569E-004  -1.9390581717451741E-002
   5.2631578947368363E-002  -1.4579384749968671E-004  -1.9390581717452005E-002
  0.15789473684210520       -3.9364338824903200E-003  -8.5872576177286469E-002
  0.26315789473684204       -1.8224230937454733E-002 -0.21883656509695329     
  0.36842105263157887       -5.0007289692375223E-002 -0.41828254847645407     
  0.47368421052631571      -0.10628371482723453      -0.68421052631578927     
  0.57894736842105254      -0.19405161102201507       -1.0166204986149581     
  0.68421052631578938      -0.32030908295669941       -1.4155124653739604     
  0.78947368421052622      -0.49205423531126991       -1.8808864265927971     
  0.89473684210526305      -0.71628517276570935       -2.4127423822714680     
   1.0000000000000000       -1.0000000000000000       -2.9778393351800547     
