  -1.0000000000000000        1.0000000000000000        1.0000000000000004     
 -0.93103448275862066        1.0665873959571939       0.93103448275862188     
 -0.86206896551724133        1.1284185493460168       0.86206896551724188     
 -0.79310344827586199        1.1854934601664686       0.79310344827586021     
 -0.72413793103448265        1.2378121284185493       0.72413793103448498     
 -0.65517241379310331        1.2853745541022596       0.65517241379311297     
 -0.58620689655172398        1.3281807372175993       0.58620689655173452     
 -0.51724137931034464        1.3662306777645679       0.51724137931034475     
 -0.44827586206896530        1.3995243757431641       0.44827586206896636     
 -0.37931034482758597        1.4280618311533908       0.37931034482758952     
 -0.31034482758620663        1.4518430439952454       0.31034482758620302     
 -0.24137931034482732        1.4708680142687292       0.24137931034482940     
 -0.17241379310344801        1.4851367419738426       0.17241379310344934     
 -0.10344827586206870        1.4946492271105842       0.10344827586207411     
  -3.4482758620689391E-002   1.4994054696789563        3.4482758620698883E-002
   3.4482758620689918E-002   1.4994054696789565       -3.4482758620692444E-002
  0.10344827586206923        1.4946492271105849      -0.10344827586207411     
  0.17241379310344854        1.4851367419738428      -0.17241379310345417     
  0.24137931034482785        1.4708680142687292      -0.24137931034483745     
  0.31034482758620718        1.4518430439952446      -0.31034482758621107     
  0.37931034482758652        1.4280618311533897      -0.37931034482758952     
  0.44827586206896586        1.3995243757431632      -0.44827586206897441     
  0.51724137931034520        1.3662306777645656      -0.51724137931034475     
  0.58620689655172453        1.3281807372175984      -0.58620689655171998     
  0.65517241379310387        1.2853745541022594      -0.65517241379310498     
  0.72413793103448321        1.2378121284185495      -0.72413793103448498     
  0.79310344827586254        1.1854934601664684      -0.79310344827586343     
  0.86206896551724188        1.1284185493460166      -0.86206896551724022     
  0.93103448275862122        1.0665873959571939      -0.93103448275862033     
   1.0000000000000000        1.0000000000000000       -1.0000000000000020     
